QNG spectrum v1 run log
timestamp_utc: 2026-02-28T06:18:55Z
python: 3.11.14
platform: Linux-4.4.0-x86_64-with-glibc2.39
dataset_id: DS-002  seed: 3401
n_nodes: 280  mean_degree: 9.46
h2_ms: 0.143254  median_edge: 0.359405  area_A: 21.1600
alpha_Weyl: 0.021269  m_cross: 94  m_fit: 47
n_lanczos_steps: 275  n_eigenvalues: 275
duration_seconds: 1.343
decision: pass

mu_0=3.119931e-10  (G6a threshold <1e-06)
mu_1_Fiedler=0.01076498  (G6b threshold >0.001)
slope_meas=0.01822441  slope_Weyl=0.02126865  slope_rel=0.85686723  (G6c threshold |·-1|<0.25)
R2_continuum=0.99150205  (G6d threshold >0.95)
mu_max=1.40727201

warnings:
- Lanczos terminated early at step 275 < n=280 (starting vector in invariant subspace of dim 275)