QNG-T-GEODESIC-001 run log
timestamp_utc: 2026-02-21T20:24:51Z
test_id: QNG-T-GEODESIC-001
dataset_ids: DS-002,DS-003,DS-006
samples: 72
seed: 3401
steps: 40
dt: 0.050000
duration_seconds: 1.158548
decision: pass
